0 0.032700174 0.000000187
1 0.042860276 0.000000121
2 0.024395838 0.000000056
3 0.011564911 0.000000063
4 0.010200140 0.000000058
5 0.015071986 0.000000060
6 0.015602043 0.000000038
7 0.012612579 0.000000038
8 0.013128374 0.000000039
9 0.013489466 0.000000055
10 0.014070621 0.000000055
11 0.015775305 0.000000040
12 0.014931802 0.000000037
13 0.017479484 0.000000038
14 0.019351852 0.000000044
15 0.010015146 0.000000038
16 0.011345052 0.000000054
17 0.010752853 0.000000040
18 0.012765732 0.000000039
19 0.012635119 0.000000039
20 0.014172951 0.000000050
21 0.013036282 0.000000053
22 0.014400008 0.000000041
23 0.016249017 0.000000038
24 0.016582715 0.000000038
25 0.016932875 0.000000041
26 0.016109402 0.000000039
27 0.019193803 0.000000052
28 0.023490003 0.000000039
29 0.018352021 0.000000041
30 0.021078574 0.000000037
31 0.012374205 0.000000037
32 0.013037952 0.000000041
33 0.012308754 0.000000050
34 0.013780913 0.000000038
35 0.015456122 0.000000038
36 0.015449268 0.000000038
37 0.016375376 0.000000040
38 0.017116536 0.000000042
39 0.017127594 0.000000040
40 0.020795636 0.000000040
41 0.017118775 0.000000044
42 0.018390949 0.000000041
43 0.019775083 0.000000037
44 0.018882970 0.000000039
45 0.019559231 0.000000039
46 0.020833930 0.000000036
47 0.013032579 0.000000042
48 0.013536103 0.000000041
49 0.014615575 0.000000040
50 0.016307147 0.000000041
51 0.015275968 0.000000054
52 0.018141386 0.000000040
53 0.017666082 0.000000041
54 0.018394506 0.000000040
55 0.019868385 0.000000051
56 0.018459373 0.000000040
57 0.018952793 0.000000060
58 0.022838697 0.000000040
59 0.020680949 0.000000040
60 0.020566280 0.000000038
61 0.021281679 0.000000037
62 0.023484359 0.000000039
63 0.016886675 0.000000037
64 0.017563336 0.000000039
65 0.017174751 0.000000039
66 0.019041966 0.000000068
67 0.020241652 0.000000049
68 0.021991204 0.000000053
69 0.020884508 0.000000044
70 0.018620427 0.000000040
71 0.021529319 0.000000039
72 0.021577971 0.000000041
73 0.021038562 0.000000040
74 0.022450995 0.000000041
75 0.024810472 0.000000038
76 0.022727857 0.000000038
77 0.022824564 0.000000056
78 0.027222405 0.000000054
79 0.016802283 0.000000052
80 0.017217445 0.000000039
81 0.019943366 0.000000038
82 0.017857357 0.000000042
83 0.018655921 0.000000039
84 0.020894558 0.000000040
85 0.019922273 0.000000052
86 0.024107942 0.000000052
87 0.022971639 0.000000041
88 0.022078952 0.000000039
89 0.023329068 0.000000041
90 0.026035666 0.000000064
91 0.028401206 0.000000050
92 0.023502034 0.000000038
93 0.024569100 0.000000041
94 0.024026187 0.000000041
95 0.018791984 0.000000037
96 0.018791801 0.000000042
97 0.018801412 0.000000041
98 0.020320458 0.000000039
99 0.020193063 0.000000056
100 0.020434892 0.000000039
101 0.021153504 0.000000040
102 0.021563941 0.000000040
103 0.024241815 0.000000049
104 0.025087171 0.000000039
105 0.029403387 0.000000057
106 0.026631487 0.000000041
107 0.028241885 0.000000041
108 0.025447913 0.000000040
109 0.026657772 0.000000039
110 0.026027505 0.000000041
111 0.021860616 0.000000039
112 0.022897682 0.000000039
113 0.025512863 0.000000048
114 0.022277225 0.000000047
115 0.021703643 0.000000039
116 0.022786877 0.000000039
117 0.022238054 0.000000041
118 0.025866427 0.000000041
119 0.025971814 0.000000040
120 0.028188165 0.000000040
121 0.025487108 0.000000038
122 0.027751338 0.000000042
123 0.027635233 0.000000041
124 0.027841688 0.000000040
125 0.029722103 0.000000050
126 0.033857824 0.000000040
127 0.027789435 0.000000040
128 0.023367204 0.000000041
129 0.026272050 0.000000043
130 0.022511319 0.000000041
131 0.024219291 0.000000060
132 0.024897605 0.000000040
133 0.028226446 0.000000052
134 0.023951754 0.000000041
135 0.025019991 0.000000060
136 0.025474542 0.000000043
137 0.026572716 0.000000041
138 0.025973852 0.000000041
139 0.026233450 0.000000054
140 0.028908762 0.000000041
141 0.027371404 0.000000051
142 0.026892764 0.000000041
143 0.025801248 0.000000051
144 0.023263850 0.000000042
145 0.023289486 0.000000058
146 0.024217671 0.000000040
147 0.023716703 0.000000040
148 0.024910440 0.000000043
149 0.024550842 0.000000040
150 0.025881310 0.000000040
151 0.025516668 0.000000044
152 0.027480624 0.000000039
153 0.025861156 0.000000041
154 0.026747839 0.000000042
155 0.029881210 0.000000041
156 0.030318339 0.000000040
157 0.028624021 0.000000046
158 0.028447718 0.000000044
159 0.024807325 0.000000054
160 0.024602187 0.000000040
161 0.025308766 0.000000040
162 0.025002064 0.000000041
163 0.025513206 0.000000040
164 0.025887808 0.000000042
165 0.025846163 0.000000043
166 0.026195855 0.000000039
167 0.026140498 0.000000040
168 0.026750286 0.000000051
169 0.027175416 0.000000043
170 0.031068515 0.000000041
171 0.027395153 0.000000041
172 0.028578893 0.000000040
173 0.031121961 0.000000042
174 0.030211079 0.000000040
175 0.027628107 0.000000039
176 0.027762198 0.000000042
177 0.026228913 0.000000041
178 0.025637431 0.000000041
179 0.026567313 0.000000041
180 0.038864317 0.000000059
181 0.032061015 0.000000049
182 0.030951239 0.000000050
183 0.031770995 0.000000044
184 0.034289456 0.000000042
185 0.030712741 0.000000041
186 0.036880169 0.000000056
187 0.033780748 0.000000041
188 0.031344766 0.000000043
189 0.032581897 0.000000042
190 0.032785987 0.000000042
191 0.027842693 0.000000041
192 0.032959525 0.000000041
193 0.029941832 0.000000059
194 0.028863985 0.000000042
195 0.027123956 0.000000041
196 0.030398274 0.000000040
197 0.029814857 0.000000038
198 0.028412805 0.000000072
199 0.035624896 0.000000041
200 0.029019899 0.000000042
201 0.030651430 0.000000037
202 0.030369272 0.000000040
203 0.028673659 0.000000043
204 0.028801160 0.000000040
205 0.030974608 0.000000041
206 0.033498986 0.000000039
207 0.031846076 0.000000042
208 0.029037888 0.000000041
209 0.029975341 0.000000039
210 0.027530606 0.000000049
211 0.029076700 0.000000041
212 0.028875627 0.000000042
213 0.030074046 0.000000039
214 0.029049613 0.000000050
215 0.029830882 0.000000039
216 0.029238833 0.000000041
217 0.029367025 0.000000041
218 0.028998657 0.000000043
219 0.037335798 0.000000039
220 0.030013865 0.000000040
221 0.030814575 0.000000041
222 0.029809646 0.000000043
223 0.030015698 0.000000043
224 0.029604080 0.000000040
225 0.029285353 0.000000040
226 0.029446450 0.000000041
227 0.028700656 0.000000042
228 0.031689286 0.000000042
229 0.029758856 0.000000038
230 0.028879049 0.000000039
231 0.030540211 0.000000068
232 0.030044246 0.000000041
233 0.033518034 0.000000042
234 0.032240464 0.000000041
235 0.030802251 0.000000049
236 0.029849713 0.000000144
237 0.033874891 0.000000054
238 0.039803419 0.000000043
239 0.033703435 0.000000041
240 0.034158365 0.000000053
241 0.030204366 0.000000058
242 0.029458476 0.000000044
243 0.030526956 0.000000038
244 0.030169477 0.000000042
245 0.030622403 0.000000043
246 0.035045986 0.000000041
247 0.030407428 0.000000041
248 0.032397181 0.000000043
249 0.034507032 0.000000054
250 0.033229060 0.000000052
251 0.029850654 0.000000039
252 0.031557055 0.000000056
253 0.030998849 0.000000040
254 0.036758907 0.000000064
255 0.033698195 0.000000052
256 0.008211927 0.000000044
